0 2 0 0 21
0 0 0 0 14
0 0 0 1 0
0 24 0 0 47
0 0 0 0 0
0 102 0 1 0
0 9 0 0 19
0 1 0 0 14
0 0 0 0 0
0 0 0 0 0
0 0 0 0 0
0 43 0 0 0
0 16 0 0 0
0 0 0 0 2
0 3 0 0 9
0 4 0 0 7
0 0 0 0 3
0 3 0 0 12
0 11 0 0 1
0 1 0 0 0
0 4 0 0 0
0 38 0 0 0
0 0 0 0 2
0 0 0 0 3
0 3 0 0 20
0 3 0 0 0
0 2 0 0 11
0 1 0 0 2
0 0 0 0 0
0 1 0 0 0
0 1 0 0 4
0 2 0 0 1
0 0 0 1 0
1 115 1 7 1
1 36 1 5 2
1 78 1 6 63
1 0 0 0 0
1 5 0 0 1
1 14 0 2 7
1 0 1 1 0
1 22 1 5 4
1 4 0 1 8
1 9 0 2 7
1 9 0 4 11
1 17 0 4 19
1 3 1 4 1
1 11 1 26 0
1 16 0 2 9
1 17 1 6 3
1 8 1 3 1
1 5 1 8 2
1 21 1 5 0